7.7222
7.0425
4.0303
5.2057
8.0019
6.9607
6.1156
7.4410
7.2196
3.7721
5.0326
2.9857
7.3298
7.4925
5.1635
6.9095
5.1210
5.8451
7.3392
6.5725
4.8357
6.9241
4.6457
8.0125
5.4541
6.9026
5.5724
6.0028
8.2774
5.7630
9.8742
4.8199
5.9559
10.0485
6.6963
4.0587
7.2161
5.2832
5.1532
3.8417
4.4067
7.5515
4.8292
3.9626
9.0086
7.9067
8.7735
5.0811
6.0201
7.4137
7.3185
3.9802
9.0231
4.0107
3.2437
5.6453
5.0098
5.5598
4.2798
6.2727
4.2727
4.8594
8.3086
6.7023
4.4257
5.8719
5.0003
3.0834
6.9783
5.4892
7.4054
2.3432
6.8337
7.3684
9.2780
6.4134
6.5708
4.6246
2.9099
4.4470
7.2046
7.2947
7.6320
1.2883
4.8157
7.0270
5.2791
5.7912
9.3031
9.0391
6.1234
6.3048
6.2806
7.2350
7.0996
6.1599
5.1229
8.3821
5.5183
7.8005
8.4472
5.3626
6.8054
7.4656
4.0005
5.2537
7.5703
9.1577
3.8420
7.2703
2.9807
8.8844
6.6717
5.5393
4.6421
5.3513
5.7611
3.8875
6.0138
8.5195
5.9263
7.1373
1.3019
8.9552
4.9143
9.1756
6.0057
7.9754
6.2827
3.7130
4.9580
5.1644
4.5051
8.1544
5.0228
2.8310
5.5801
7.6640
3.8843
9.4107
4.5868
5.3784
6.9579
8.8446
3.7312
6.1333
9.3081
8.5895
5.7049
1.7226
6.6151
6.3947
9.4064
7.6610
4.8219
6.5947
7.5105
7.1130
11.4791
4.8825
3.0290
7.5999
3.3878
4.7349
9.4723
4.4338
5.8052
8.1309
6.8366
7.6790
5.7239
7.6382
7.6077
7.0543
7.7705
8.0455
10.2899
7.0906
6.9101
6.8072
1.6971
9.1114
7.8077
5.8297
5.7306
7.6414
4.2034
5.0277
8.3814
7.7435
3.4943
7.4002
5.9973
7.2803
5.9912
5.5179
5.7612
3.6312
5.2238
1.6858
7.2812
3.9952
5.7054
5.4934
6.9359
4.8537
4.7567
5.5447
5.5186
3.9763
7.2411
5.3410
6.9595
3.0705
5.4760
4.8985
5.2512
10.2784
9.2627
4.5066
5.4515
5.3909
4.5086
3.6681
3.4432
5.7249
3.7811
7.2772
8.6028
7.4205
10.3594
5.1878
5.6623
5.8718
7.8660
7.9618
2.3552
4.1201
6.9469
7.0160
5.5862
6.0003
4.8040
6.0295
4.0595
3.7668
5.9783
6.6087
6.4158
5.2209
4.7959
8.0836
5.1346
9.5470
6.2586
8.1596
6.2691
9.1032
7.2241
6.3548
6.9039
9.0213
4.9389
5.1380
8.8344
3.9365
6.1931
1.1583
7.1813
0.9947
7.4039
7.0227
6.6423
5.4217
4.0716
6.9973
6.4091
6.9784
3.2919
6.7468
7.1000
2.3124
6.3277
6.4310
5.6739
6.9996
8.2549
5.1598
6.1676
5.7416
7.6253
3.6405
7.2052
1.4046
6.7895
5.1073
6.6955
7.6747
3.8744
7.1649
6.3909
6.7678
7.2551
6.2950
2.4343
6.9366
5.5703
4.4110
8.5708
6.3430
9.0848
5.3803
6.5552
10.5601
7.0633
8.1524
4.2630
7.5654
7.6807
7.6535
11.7240
7.1509
8.1934
5.1923
8.8420
9.7641
5.9449
8.7279
6.2988
7.0920
7.5560
3.8796
6.6493
9.2291
3.2990
6.6607
4.8561
8.5684
4.4952
5.6901
6.2235
6.9160
5.8360
5.7235
9.5223
9.4582
5.4445
8.8153
4.8352
7.8811
7.8253
8.3417
5.9056
5.8750
3.5169
6.4902
6.0482
7.0999
7.1878
7.3502
5.3208
6.3373
4.9326
2.8805
7.0603
6.4278
2.7465
5.8963
5.5257
4.4044
7.6059
6.1880
5.0802
7.7468
4.4013
4.5583
5.9400
5.6793
9.2216
12.8090
6.1696
1.8986
6.7801
6.8029
3.5843
3.9448
4.4822
9.2452
4.4847
3.2642
7.8518
2.0582
5.4568
6.8748
7.4042
6.0829
8.3424
6.7021
3.5018
6.2368
6.1953
5.1474
7.8337
4.1414
4.5528
5.9433
8.6170
9.1243
6.9964
9.9154
9.8095
5.4642
7.4879
5.1209
4.1512
7.0475
8.3755
4.0141
11.1287
6.5354
4.8256
3.1282
2.3096
7.2977
7.6578
6.3901
8.8144
3.8653
11.3832
6.9411
6.1871
9.0948
4.1757
4.4203
6.3467
4.7787
6.3272
4.2074
8.9971
3.4688
5.1048
8.3182
3.6649
6.0677
6.0063
6.4212
7.1172
7.1002
4.6503
7.9217
4.8053
6.6097
5.1851
4.2361
5.8119
6.7486
2.7948
6.3146
6.5182
6.6916
7.7155
7.8386
7.5608
8.8540
6.9675
3.1711
5.1930
5.5009
8.7727
7.3462
5.4260
6.6073
0.1274
3.7760
6.4139
4.0906
7.2960
8.3365
4.8262
4.0138
8.4964
9.8084
6.4697
6.3402
6.7406
7.2631
6.7961
9.1902
8.4485
6.4630
6.9292
3.9825
2.2616
5.8490
7.9772
6.7342
5.8859
5.9657
7.4439
7.4131
